4487468
4484039
4483581
4480888
4478778
4478588
4478479
4477146
4477132
4477022
4475781
4466687
4466050
4465176
4460810
4458971
4455058
4453309
5857050
5856820
5855493
5855294
4562311
4559704
4559702
4558397
4557045
4556275
4555156
4552425
5857877
4552260
5857859
4550960
5855489
4549780
4548457
4548453
4547039
5857871
4545635
4542951
4542948
4541677
4538869
4538024
4537454
4536055
4534616
4534606
4534107
4533203
4533201
4531030
4530560
4560224
4530552
4560221
4527451
4560218
4525927
4558912
4525023
4557548
4437725
4523064
4555847
4301921
4522460
4554727
4522097
4553808
4517408
4553322
4517234
4552422
4516309
4550972
4516072
4548461
4515422
4547031
4514032
4538487
4509710
4521960
4508409
4509258
4508401
4508399
4492838
4506940
4491378
4506937
4490004
4490000
4504887
4489998
4500157
4483203
4499648
4478471
4499341
4477142
4498722
4477133
4498721
4473715
4497983
4470653
4497531
4470650
4497526
4469389
4496802
4464832
4493954
4464817
4493952
4493525
4493518
4491381
4533909
4540919
4525613
4532610
4494814
4523302
4520453
4503466
4503396
4497020
4494164
4485396
4480275
4459614
5856755
4448846
4440358
4434954
4434686
4434037
4423383
4414573
4413293
4410922
4398815
4393301
4386363
4375653
4532553
4521870
4507683
4506967
4492035
4546472
4543594
4527180
4514827
4436579
4432069
4382288
4376300
4372808
3864371
4559031
4550623
4548134
4545852
4535528
4529930
4508965
4507158
4490731
4481464
4480913
4477803
4477134
4468723
4466038
4458282
4456950
4455655
4455561
4450387
4448192
4446440
4437489
4431928
4419648
4410238
4405993
4403184
4403147
4398992
4396997
4396912
4387720
4381470
4372324
4370405
4362809
4353952
4331943
5856726
