6450250
6474878
5919051
5456619
4959844
5265329
5134674
5030138
4845592
4645285
5292559
5024610
4865558
4752231
4643506
4487468
6519063
5911630
5562494
5981975
5694804
5486121
5470259
5870363
6346418
6356446
6464407
5915993
5453017
4959026
5259770
5133847
5030134
4841105
4643509
5269206
5022138
4861271
4750261
4642874
4484039
6491772
5907901
5554072
5980299
5690517
5486114
5469074
6301113
6437987
5899771
5415567
4949455
5243757
5131872
5030109
4840581
4643507
5259052
5015197
4854890
4749372
4640562
4483581
6480661
5906511
5553181
5971790
5689874
5482475
5467419
6375520
5890920
5409406
4936800
5243678
5131124
5030108
4836789
4642421
5254015
5013265
4852252
4749370
4637670
4480888
6471545
5896478
5551882
5971784
5680788
5479540
5452948
6375474
5882225
5403196
4932895
5243129
5130762
5027498
4834678
4640567
5253399
5013122
4846343
4747787
4636021
4478778
6431898
5895291
5546495
5969330
5679021
5470260
5452612
6361373
5860819
5387137
4927384
5240430
5129844
5026305
4834665
4637677
5252079
5004434
4842549
4744775
4636018
4478588
6361358
5894658
5540594
5967806
5679010
5470241
5452512
6325672
5842888
4920366
5236366
5129838
5026290
4831727
4636126
5243791
5002494
4842547
4744774
4633228
4478479
6352444
5893778
5533254
5966486
5674085
5469455
5451172
6315615
5842887
4908942
5232372
5129832
5024627
4828351
4633570
5243681
4998895
4842544
4744709
4632246
4477146
6345567
5893775
5530297
5951306
5673480
5468163
5451169
6305947
5839910
4906212
5231759
5129831
5024106
4827604
4629270
5239282
4998086
4842543
4741703
4631815
4477132
6246749
5893289
5528823
5943900
5672067
5468162
5449106
6290547
5833498
4906194
5228871
5129317
4995816
4826447
4627674
5231274
4997376
4842542
4741591
4630874
4477022
6238246
5890641
5516984
5931695
5671311
5460533
5448449
6280248
5823827
4905603
5228870
5129143
4995814
4824399
4625401
5230639
4995834
4842529
4741590
4629266
4475781
6234809
5887340
5514917
5921797
5669792
5459806
5442724
6249960
5816857
4904212
5226634
5128835
4991288
4824398
4623220
5216734
4995821
4842528
4741099
4626637
4466687
6217190
5885115
5505626
5915985
5669778
5458502
5437562
6231403
5815917
4902241
5224866
5127852
4990107
4824387
4621885
5202949
4990736
4842525
4739550
4626056
4466050
6210191
5880665
5503568
5911444
5668654
5456612
5435512
6230392
5803769
4898650
5221814
5127255
4990105
4820189
4620762
5201663
4987283
4842137
4738027
4623753
4465176
6203368
5879610
5483501
5910347
5666719
5456018
5432679
6224417
5800192
4895534
5219302
5127152
4990104
4820170
4616112
5201148
4986764
4838816
4735575
4623293
4460810
6196856
5878891
5424716
5909913
5664039
5453026
5428886
6224404
5797767
4891021
5219296
5127151
4984705
4819041
4614402
5199907
4986625
4838813
4734651
4621884
4458971
6193529
5876254
5907218
5658171
5452517
5425120
6190215
5795194
4888867
5219295
5125150
4984383
4817493
4611887
5199900
4985962
4838798
4734062
4619496
4455058
6190196
5876226
5906512
5658168
5450517
5423699
6187246
5788515
4879810
5218894
5124108
4983884
4817258
4611262
5199886
4984998
4838407
4726793
4616897
4453309
6186823
5876221
5904589
5655284
5450514
5420953
6184460
5769667
4817781
5218758
5122078
4983132
4813893
4607554
5198279
4984997
4837926
4726787
4614388
6183295
5868587
5903177
5653616
5450469
5417578
6183300
5768777
4793824
5217728
5122069
4983128
4812831
4595724
5197898
4984996
4835844
4726775
4612422
6171122
5863213
5899758
5647766
5447464
5415571
6158575
5761061
4793823
5217396
5122066
4982083
4810214
4593463
5197891
4982830
4834674
4725250
4611878
6164986
5857050
5899754
5647757
5445528
5415022
6152762
5730613
4793822
5215470
5122064
4981449
4809571
4588852
5194022
4981432
4834673
4725241
4611846
6149473
5856820
5897403
5645710
5444906
5410802
6152743
5727956
4790771
5213520
5120245
4980884
4805885
4586607
5192215
4980958
4832625
4723921
4611213
6142826
5855493
5895290
5632649
5442592
5410627
6149470
5709573
4790763
5213518
5118154
4978822
4797112
4580868
5190483
4979913
4832615
4718855
4606595
6135809
5855294
5895276
5632081
5441425
5409384
6140823
5685726
4779328
5213139
5116458
4978308
4795380
4580863
5186662
4979912
4832614
4718162
4606594
6135797
5850685
5892659
5629232
5439384
5408859
6113422
5681173
4773157
5212882
5116263
4978307
4793038
4580861
5186661
4979793
4829255
4717347
4605269
6132264
5836789
5890926
5628656
5435756
5405267
6102716
5664965
4772761
5211585
5116245
4976634
4786822
4579404
5186658
4979791
4825021
4709253
4603928
6124056
5834702
5890922
5626500
5435754
5402561
6095837
5651695
4772031
5211578
5115904
4970889
4786256
4575592
5184963
4978311
4824392
4705340
4602838
6118208
5833484
5888091
5626491
5435738
5402316
6065985
5649831
4769905
5208968
5115735
4969828
4785532
4572602
5174775
4976132
4824384
4705339
4602830
6116945
5833482
5884520
5626483
5435735
5395250
6059615
5647770
4768973
5207139
5115560
4969826
4785524
4572248
5167520
4973268
4822286
4701139
4601525
6116940
5831815
5882228
5625942
5433621
5393234
6056567
5639264
4764131
5205977
5115555
4969824
4784262
4571017
5166995
4973264
4821615
4701004
4600971
6116931
5829994
5879205
5625731
5427545
5391086
6042394
5626494
4764130
5203724
5112249
4968113
4783906
4571015
5163851
4971580
4821556
4699444
4600810
6115774
5823826
5879175
5624283
5421099
5389014
6038762
5616035
4762505
5203713
5112247
4964805
4783579
4566164
5163837
4971571
4821383
4696525
4599497
6102727
5820402
5876252
5624273
5419718
5388499
6033267
5613864
4761832
5199911
5110387
4961815
4781626
4562311
5161997
4970778
4821005
4695110
4599026
6099332
5820008
5873754
5620341
5419717
5387764
6031220
5590028
4754536
5199882
5108294
4959029
4781602
4559704
5161996
4970777
4820204
4693530
4598472
6095860
5813108
5868019
5616048
5419714
5387130
6017240
5580279
4744140
5197903
5108055
4957800
4780094
4559702
5161992
4969829
4820174
4693529
4596436
6080000
5807147
5863449
5611717
5417134
5387123
6004042
5573413
4743203
5192832
5105095
4952175
4780074
4558397
5158471
4967654
4819746
4692121
4593961
6079994
5800217
5863214
5611716
5415568
5380216
5999400
5567166
4872853
5190473
5104327
4952169
4779264
4557045
5157244
4967420
4817283
4691981
4593960
6079851
5797299
5860829
5611699
5412540
5378159
5989053
5564936
4867597
5190470
5103071
4952168
4778405
4556275
5155907
4964809
4815207
4691977
4593452
6077474
5795187
5860817
5609502
5410803
5376008
5984725
5549479
4866842
5183405
5102356
4952020
4778396
4555156
5154634
4964685
4810616
4690647
4592614
6077130
5794494
5860813
5608829
5409401
5369482
5984696
5521784
4865563
5181857
5102346
4948380
4777434
4552425
5151051
4964200
4809576
4689597
4592611
6076941
5788539
5857877
5608692
5408551
5367594
5980325
5516304
4865553
5178555
5101651
4944693
4776136
4552260
5145407
4963106
4809424
4687446
4592253
6074249
5785559
5857859
5608234
5407184
5365660
5971806
5516294
4865375
5176535
5099570
4943846
4773082
4550960
5140663
4961624
4806120
4687291
4591222
6074245
5784770
5855489
5605470
5403195
5362247
5957705
5507653
4864719
5173058
5098309
4940432
4772231
4549780
5139434
4960391
4806109
4687267
4590673
6074235
5783857
5841639
5597326
5402566
5358426
5941723
5504989
4863403
5171154
5093987
4934968
4772211
4548457
5138680
4960317
4804339
4687264
4589718
6068505
5783224
5839920
5593326
5399099
5357404
5902137
5501009
4860801
5169330
5093878
4934967
4767353
4548453
5138679
4957453
4802867
4686766
4589585
6068493
5774977
5838548
5593321
5397251
5353018
5863212
5486115
4860447
5168613
5092781
4934950
4765044
4547039
5137472
4954100
4800696
4686333
4589319
6062911
5772458
5833487
5591984
5397246
5343617
5857871
5478248
4852737
5167531
5090116
4934947
4762395
4545635
5133040
4952896
4799902
4685764
4589200
6062889
5771151
5830008
5591047
5396062
5340338
5833475
5453016
4843714
5164545
5086372
4932237
4761141
4542951
5131063
4952789
4799901
4685761
4588456
6059613
5762520
5827075
5588885
5392373
5340336
5830041
5451168
4838808
5163849
5085598
4931991
4754636
4542948
5127073
4952156
4799900
4684211
4587596
6059611
5761938
5826449
5588878
5389013
5338209
5825190
5449301
4838807
5161998
5084960
4930209
4753615
4541677
5125849
4951389
4797123
4684191
4587548
6059594
5741163
5825960
5588866
5388995
5337589
5819404
5445529
4832624
5161984
5082461
4929184
4753601
4538869
5125259
4950186
4794120
4684161
4586773
6059586
5741156
5825618
5588013
5387139
5334058
5816831
5427534
4827607
5161981
5080600
4928380
4752237
4538024
5123864
4948382
4796358
4682829
4586772
6056599
5741150
5821463
5580271
5387129
5330359
5810611
5421746
4826443
5161980
5078814
4927388
4752111
4537454
5123859
4946406
4790779
4682400
4585294
6056581
5741143
5816830
5578790
5384954
5329855
5800209
5421741
4825530
5159156
5078611
4926548
4749366
4536055
5123808
4946392
4790760
4682344
4584757
6056574
5740608
5814927
5577144
5383794
5329262
5758411
5409387
4820169
5158467
5076688
4925392
4747483
4534616
5123071
4944690
4789759
4681397
4579411
6050845
5737830
5797179
5574628
5382174
5327641
5746620
5407360
4818237
5157827
5074807
4924693
4747209
4534606
5122076
4943247
4789352
4680568
4578529
6048221
5735039
5795196
5573435
5321969
5730614
5385489
4742746
5155325
5074039
4923404
4742737
4534107
5122075
4941849
4789351
4679895
4575176
6048220
5733155
5789846
5571022
5321917
5713762
4740532
5154630
5073841
4921447
4740996
4533203
5120235
4941836
4787866
4679888
4572603
6045385
5724723
5785548
5569047
5321247
5651684
4739126
5154618
5073127
4919623
4737118
4533201
5109453
4941734
4787864
4679876
4568135
6042423
5718145
5779498
5562496
5315857
5639258
4738506
5152051
5073124
4917623
4736100
4531030
5108309
4940892
4787510
4678121
4563810
6039615
5717820
5775958
5561900
5308257
5632628
4737117
5151560
5073116
4907335
4735583
4530560
5097592
4938720
4785701
4676588
4560224
6039586
5704803
5772454
5554048
5305408
5624279
4718531
5151050
5069627
4904207
4730087
4530552
5097099
4938704
4784669
4674809
4560221
6037930
5697806
5769645
5554036
5303387
5601453
4718165
5151047
5062808
4904206
4727742
4527451
5095599
4938558
4784617
4673837
4560218
6036540
5669135
5766026
5551890
5301868
5597318
4717358
5151046
5062201
4903338
4725918
4525927
5094552
4936792
4780958
4673270
4558912
6032521
5653015
5766025
5550944
5297968
5591048
4717304
5150086
5061827
4902093
4723920
4525023
5091991
4932885
4780092
4671599
4557548
6030252
5647750
5764836
5547384
5296646
5564950
4437725
5149276
5061191
4900258
4722700
4523064
5088937
4932110
4778411
4671584
4555847
6024612
5637001
5761052
5538435
5295852
5556390
4301921
5148383
5059143
4897054
4721471
4522460
5088637
4925007
4776805
4671407
4554727
6024610
5636996
5759063
5538434
5290984
5147228
5059137
4897047
4715112
4522097
5081602
4921456
4776651
4670978
4553808
6024594
5632626
5759048
5536177
5288959
5147226
5057032
4895535
4714441
4517408
5080460
4921437
4773881
4667512
4553322
6015313
5630725
5755599
5533158
5288943
5147225
5053583
4891019
4708666
4517234
5074803
4918571
4773867
4666241
4552422
6010344
5626486
5750973
5531615
5287618
5147223
5052953
4886470
4702429
4516309
5074799
4913673
4773725
4665280
4550972
6007384
5625686
5748817
5529514
5282237
5147222
5050951
4881911
4699445
4516072
5074771
4911518
4772234
4664462
4548461
6007370
5624289
5741162
5523747
5281165
5147215
5048916
4880397
4699441
4515422
5074031
4904879
4772229
4664456
4547031
5997363
5624286
5738549
5521997
5280716
5147214
5048910
4878863
4698892
4514032
5073118
4904539
4772225
4663098
4538487
5993253
5624277
5738543
5520548
5279028
5146650
5046957
4878862
4697863
4509710
5073046
4903402
4772222
4662710
4521960
5990777
5609491
5738542
5519935
5277625
5145411
5046954
4877409
4697053
4508409
5064389
4899029
4772212
4662701
4509258
5990580
5606888
5730265
5518424
5277596
5145398
5044996
4874218
4696908
4508401
5063656
4895522
4769908
4660918
4508399
5975959
5605479
5724717
5516303
5277593
5145388
5044982
4871326
4694129
4492838
5062809
4895521
4769896
4660911
4506940
5975914
5605477
5721531
5515341
5276750
5145381
5044721
4869676
4693688
4491378
5062802
4890384
4767984
4659872
4506937
5967849
5600716
5716244
5515037
5275032
5145356
5044720
4969673
4690266
4490004
5062289
4887452
4767298
4659166
4606124
5967846
5599208
5716243
5509194
5274917
5142777
5043531
4869672
4684192
4490000
5061203
4886471
4766669
4659163
4504887
5967828
5595505
5716242
5507665
5274909
5142771
5039956
4867714
4684187
4489998
5060360
4884484
4763410
4657331
4500157
5967811
5595499
5713752
5503569
5273443
5142597
5039456
4867698
4684184
4483203
5059756
4884336
4762386
4657342
4499648
5964392
5587884
5712569
5498838
5271254
5141444
5038345
4866660
4682168
4478471
5059746
4881321
4761145
4656724
4499341
5960540
5584707
5711676
5496194
5269712
5139822
5038001
4861284
4679319
4477142
5058260
4880388
4759600
4655526
4498722
5954545
5580269
5710388
5495666
5269705
5139446
5037320
4858309
4678264
4477133
5052101
4880386
4758693
4655522
4498721
5944551
5580266
5709562
5495137
5267126
5139427
5036752
4855590
4675989
4473715
5047830
4879809
4758536
4655516
4497983
5940552
5580263
5709557
5494458
5266056
5139426
5035660
4854660
4657325
4470653
5044988
4874337
4758183
4654580
4497531
5938310
5579885
5707245
5494450
5266054
5138528
5035657
4853823
4656378
4470650
5042891
4874336
4757854
4654470
4497526
5937510
5575663
5704806
5493259
5266048
5137462
5035648
4850045
4653840
4469389
5040289
4873765
4756696
4652082
4496802
5933563
5575661
5702257
5493237
5266047
5136907
5035638
4847865
4651413
4464832
5037175
4873761
4753612
4649636
4493954
5931690
5571033
5701665
5492486
5264397
5136672
5035482
4846731
4650925
4464817
5035628
4872856
4753611
4649616
4493952
5928003
5564931
5697799
5490791
5253508
5135416
5033283
4846699
4650391
5033187
4872849
4753145
4646392
4493525
5922367
5562502
5697248
5489221
5249975
5135414
5032898
4846564
4649633
5032703
4867699
4752252
4645732
4493518
5920459
5562501
5696352
5486820
5246390
5135403
5031981
4845619
4648666
5032702
4867689
4752248
4645296
4491381
5919059
5562495
5695368
5486771
5222898
6579790
6591672
5935691
5264956
6420961
5924113
5212928
6577181
6351379
5894039
6028798
5779794
6549077
6354681
5784178
5647407
5233692
6548373
6351377
5677007
5628348
5043780
6512708
6174189
5527116
4864464
5031943
6501148
6155920
5491384
4859304
4962326
6500355
5648994
5299013
4902055
6498030
5411401
5049511
4901775
6483334
5374999
6483045
5340956
6482739
5311330
6479355
5057991
6476448
4729679
6466474
6465838
6455910
6455371
6448599
6441436
6440809
6436798
6429135
6429106
6423652
6423641
6423597
6417065
6417036
6413832
6413817
6410422
6406985
6401728
6399465
6383921
6380082
6380077
6380073
6376359
6376296
6372579
6372564
6368971
6368941
6368911
6368908
6365955
6365527
6365468
6365454
6365062
6362092
6355105
6352897
6352041
6350677
6348301
6346445
6346441
6344415
6341995
6340148
6334581
6334404
6333262
6333261
6333221
6331471
6331464
6329279
6329255
6329244
6329243
6329242
6329235
6326306
6326276
6326261
6326257
6323105
6323092
6323073
6319850
6319826
6319807
6316368
6316352
6316344
6316341
6316340
6316323
6316311
6316299
6316298
6312985
6307174
6307163
6306708
6304387
6303497
6303484
6303467
6303465
6303455
6303443
6303439
6303435
6303433
6303430
6301798
6300238
6297554
6297139
6297123
6297112
6295683
6294812
6291854
6291354
6291338
6291330
6291301
6291279
6286825
6285059
6284659
6281694
6281143
6281133
6281069
6281063
6278116
6277755
6277717
6277699
6277675
6274517
6274494
6274477
6274468
6274450
6274444
6272736
6271089
6271088
6271086
6268256
6268241
6265255
6262917
6262459
6261912
6261900
6261891
6258692
6258651
6258643
6255689
6255681
6255191
6255177
6255168
6255162
6251778
6251769
6251750
6251748
6251737
6251725
6251711
6249022
6248662
6248622
6246119
6246116
6245635
6245627
6245626
6245625
6245617
6245610
6245592
6242346
6242309
6239043
6239040
6239024
6239000
6238997
6238988
6238984
6238974
6238958
6235595
6235576
5235566
6235354
6232215
6232177
6229611
6228763
6228742
6228722
6228711
6228709
6228700
6228674
6225222
6225204
6225155
6222247
6221754
6221744
6221731
6221725
6221712
6221703
6218271
6218261
6218241
6218239
6217640
6214747
6214745
6214705
6214691
6214677
6214659
6211097
6211048
6211030
6211021
6211014
6207581
6207579
6207535
6207516
6207497
6207328
6204528
6204185
6204117
6204113
6204109
6200890
6200854
6200850
6197700
6197684
6197672
6197642
6197637
6197630
6194297
6191041
6190995
6190983
6190956
6188116
6187626
6184126
6184090
6184082
6180539
6180516
6177342
6177336
6177332
6177326
6177310
6174804
6174791
6171968
6171960
6171954
6171951
6171924
6171903
6171732
6169035
6165913
6165901
6166879
6165865
6165831
6162678
6162670
6159864
6159797
6156655
6156634
6156603
6156460
6153483
6153464
6153461
6153459
6153457
6153446
6150278
6150273
6150267
6150263
6150219
6150217
6146981
6146980
6146940
6146937
6140202
6140198
6140168
6140156
6139680
6136671
6136642
6136164
6133131
6133110
6133105
6130131
6127276
6127219
6125644
6124638
6124615
6124166
6124162
6124161
6121667
6121145
6121108
6119717
6118142
6117789
6117757
6117743
6117599
6114231
6114220
6112013
6107154
6107132
6103619
6100141
6100014
6096642
6096633
6096620
6096594
6096162
6094142
6090698
6087251
6087216
6083827
6081318
6080663
6080658
6080646
6080632
6080621
6077789
6077770
6076569
6074955
6074923
6071772
6071769
6071763
6071653
6066532
6064107
6062442
6060401
6060349
6054394
6052311
6051507
6048797
6048650
6046079
6043127
6043116
6042996
6040241
6040231
6040222
6037228
6037227
6037214
6037212
6037206
6036356
6033959
6033958
6033951
6030878
6028342
6025277
6025234
6022794
6022785
6022645
6021669
6018754
6018186
6017790
6015995
6015753
6015746
6015642
6015096
6013545
6012607
6010928
6008100
6007950
6004852
6004846
6004845
6004836
6001743
6001738
6001735
6001732
6001514
5998287
5998260
5994745
5994736
5994201
5993291
5990714
5990527
5989955
5989953
5985725
5985717
5981383
5981379
5976977
5975308
5972770
5972763
5972755
5970359
5969384
5966767
5965464
5962342
5960299
5960290
5960280
5959331
5956590
5955769
5952689
5952039
5950090
5950089
5950084
5949116
5946598
5946576
5946573
5946571
5946558
5944848
5943573
5942782
5940714
5940703
5937291
5937280
5936273
5933748
5933735
5933722
5932489
5930623
5930584
5926729
5926417
5924010
5924007
5924004
5920499
5920100
5913132
5913129
5912485
5910667
6910666
5909045
5904540
5904522
5903024
5902124
5902123
6104184
5870363
6625054
6579790
5989956
5369610
6346418
5028817
5386243
5179530
5247469
5321799
6076142
4992857
4611168
5587674
4896060
5787025
5471631
5530645
5524201
4742448
5469858
6103571
6498086
6577181
5914519
5366911
5321512
4700465
5053982
5306971
5870260
4989073
4607305
5315241
5471619
5444649
5103114
4587703
5469076
6094275
6271900
6549077
5854111
5364817
4609830
5153937
4959774
4591768
5143861
5471585
5309675
5056060
4533909
5469064
6087217
6240510
6548373
5851878
5364808
5003539
4900491
4540919
5471488
4944481
4931923
4525613
5467774
6085430
6035731
6512708
5851872
5350700
5001588
4780779
4532610
5471445
4905182
4494814
5467090
6082414
6035315
6501148
5846865
5350698
4996620
4759014
4523302
5471096
4764831
5467038
6023778
6500355
5843824
5330924
4995106
4758917
4520453
5470781
4759466
5465581
6020746
6498030
5842917
5318921
4970581
4732600
4503466
5469333
5465417
5940872
6483334
5841681
5310693
4960214
4717950
4503396
5469051
5465006
5895443
6483045
5838164
5308787
4897842
4697207
4497020
5468955
5463324
5894567
6482739
5837579
5308786
4695876
4494164
5468687
5459311
5893135
6479355
5828121
5308777
4695873
4485396
5468326
5457371
5878061
6476448
5811337
5306657
4688326
4480275
5467352
5453380
5872945
6466474
5804889
5298447
4677388
4459614
5467305
5452409
5856755
6465838
5804484
5294562
4675905
4448846
5466980
5452225
5854738
6455910
5796141
5258634
4675760
4440358
5466626
5450586
5485127
6455371
5786255
5236853
4675723
4434954
5465357
5450193
5479340
6448599
5784167
5180680
4672474
4434686
5465317
5456678
5386582
6441436
5773335
5106768
4667271
4434037
5465262
5446578
5367659
6440809
5770501
5081415
4654735
4423383
5465118
5446404
5911111
6436798
5763305
4651232
4414573
5463764
5446260
5904560
6429135
5763020
4649450
4413293
5463733
5444638
5889988
6429106
5759282
4633200
4410922
5463723
5443490
5889792
6423652
5757083
4631605
4398815
5462883
5442741
5889409
6423641
5750428
4598235
4393301
5462638
5442318
5889408
6423597
5744847
4587166
4386363
5461716
5437840
5888897
6417065
5744388
4581260
4375653
5461203
5437019
5881229
6417036
5736771
4575124
5459849
5436925
5877072
6413832
5734200
4532553
5459842
5434874
5875135
6413817
5731226
4521870
5457585
5429728
5873119
6410422
5726081
4507683
5456081
5428587
5872795
6406985
5726070
4506967
5455452
5426770
5869977
6401728
5721442
4492035
5455204
5425843
5867734
6399465
5716886
5454390
5423325
5862349
6383921
5712500
5454080
5419328
5852609
6380082
5705944
5452413
5413102
5852540
6380077
5705840
5452215
5413099
5850509
6380073
5703883
5452090
5412758
5849610
6376359
5703387
5450747
5410205
5848284
6376296
5698349
5450595
5406955
5845138
6372579
5696009
5450545
5404292
5831604
6372564
5691236
5450422
5402427
5825879
6368971
5678581
5450385
5402148
5812861
6368941
5675162
5448731
5396224
5812126
6368911
5672534
5448730
5393635
5809541
6368908
5672532
5448726
5392784
5808481
6365955
5672527
5448722
5392419
5802552
6365527
5668054
5448703
5392092
5802343
6365468
5668031
5448702
5392063
5500948
6365454
5668029
5448686
5392061
5488003
6365062
5667940
5448635
5392001
5487133
6362092
5665632
5448558
5389874
5422704
6355105
5665624
5448474
5388998
5420939
6352897
5665621
5447072
5388997
5420051
6352041
5663586
5446869
5388014
5417803
6350677
5661326
5446789
5387976
5416729
6348301
5661081
5446741
5381417
5410683
6346445
5661049
5446737
5381349
5410544
6346441
5661047
5446618
5374179
5408386
6344415
5659511
5446299
5373372
5400053
6341995
5654569
5446246
5369645
5398309
6340148
5652160
5446243
5367223
5398000
6334581
5650960
5445313
5366305
5394936
6334404
5646062
5444855
5364727
5394557
6333262
5646059
5444299
5363707
5392334
6333261
5646056
5444287
5363493
5392186
6333221
5643816
5443686
5363129
5390146
6331471
5641698
5443390
5361345
5389818
6331464
5640041
5442789
5361202
5388245
6329279
5635749
5442766
5361161
5386388
6329255
5635415
5442735
5348407
5384722
6329244
5634029
5442730
5348404
5379442
6329243
5633530
5442343
5346622
5379308
6329242
5633520
5442299
5345431
5375041
6329235
5633191
5442239
5343869
5371772
6326306
5633187
5442144
5342133
5369311
6326276
5631486
5440693
5341160
5367465
6326261
5631482
5440233
5340476
5366933
6326257
5631481
5439730
5332933
5362996
6323105
5630145
5438341
5331651
5362656
6323092
5629220
5438272
5329295
5359768
6323073
5627393
5437032
5327437
5359700
6319850
5627106
5437017
5326617
5357204
6319826
5627091
5435480
5326090
5349823
6319807
5627087
5434590
5325481
5345120
6316368
5625213
5434524
5325459
5333279
6316352
5624870
5434424
5322627
5332913
6316344
5624857
5434400
5322626
5329610
6316341
5619155
5432939
5322067
5317307
6316340
5616946
5432917
5320436
5235533
6316323
5614746
5432714
5318036
5136176
6316311
5614434
5432460
5317725
4868992
6316299
5614421
5432386
5316954
4850883
6316298
5612242
5431777
5312196
4824496
6312985
5612239
5431772
5307282
5444909
6307174
5610743
5431734
5299875
5414848
6307163
5604367
5430866
5296651
5410707
6306708
5604148
5430841
5295853
5410180
6304387
5602049
5430679
5289390
5398262
6303497
5597753
5430567
5287520
5397746
6303484
5596230
5428792
5287506
5396634
6303467
5594684
5428784
5285789
5392417
6303465
5592011
5428729
5285783
5392285
6303455
5587600
5428554
5285779
5389581
6303443
5591549
5428552
5270672
5381127
6303439
5587600
5428529
5266503
5379396
6303435
5585656
5427630
5266059
5379225
6303433
5585303
5427627
5263004
5377199
6303430
5585299
5426711
5262716
5375212
6301798
5585297
5426581
5249578
5373535
6300238
5585296
5426566
5240603
5369647
6297554
5576574
5425493
5229933
5369545
6297139
5576569
5424724
5214580
5363335
6297123
5576232
5424662
5206889
5359225
6297112
5576227
5424548
5204600
5357512
6295683
5574306
5423940
5203347
5351241
6294812
5574302
5423690
5202976
5339320
6291854
5573966
5421004
5201042
5334888
6291354
5569946
5420975
5200360
5307012
6291338
5569945
5420727
5195521
5304869
6291330
5569613
5420520
5193703
5301141
6291301
5565376
5420455
5192951
5289458
6291279
5565369
5420069
5188108
5266445
6286825
5564180
5419708
5180293
5264785
6285059
5554568
5419483
5179341
5264734
6284659
5554566
5418912
5178767
5241636
6281694
5554551
5416911
5170794
5224070
6281143
5554550
5416849
5170791
5222193
6281133
5554545
5416042
5164331
5216289
6281069
5554544
5414928
5157782
5210856
6281063
5554543
5414858
5156809
5194824
6278116
5550075
5414853
5155679
5190887
6277755
5550074
5414846
5152296
5180988
6277717
5550073
5414731
5151178
5136539
6277699
5550064
5414637
5144229
5097301
6277675
5547903
5412723
5136257
5091763
6274517
5547900
5412665
5136185
5087584
6274494
5545580
5412653
5133859
5077230
6274477
5539234
5412613
5133680
5075245
6274468
5538909
5411905
5125009
5027311
6274450
5536673
5410732
5121482
5027308
6274444
5536669
5410655
5121075
4999525
6272736
5534447
5410186
5117180
4985640
6271089
5529946
5409852
5114134
4980853
6271088
5529943
5408098
5113861
4980019
6271086
5529942
5404565
5113706
4976002
6268256
5525535
5404522
5111333
4975883
6268241
5523251
5404446
5105851
4975163
6265255
5517062
5404110
5105814
4966868
6262917
5516720
5401909
5104277
4961812
6262459
5516717
5400640
5099392
4961002
6261912
5514890
5400323
5099192
4956564
6261900
5512770
5399902
5094741
4950917
6261891
5512768
5399101
5094584
4939692
6258692
5512507
5398164
5089690
4917613
6258651
5510288
5397240
5087870
4898058
6258643
5508547
5396619
5086504
4676699
6255689
5506167
5396587
5084876
4664941
6255681
5504358
5396564
5073968
4659094
6255191
5504038
5396130
5070158
4645947
6255177
5504030
5395643
5065154
4642798
6255168
5504025
5395261
5063931
4570220
6255162
5504024
5395038
5063612
4546472
6251778
5504023
5394675
5060286
4543594
6251769
5501997
5394410
5060028
4527180
6251750
5498556
5393376
5058977
4514827
6251748
5498555
5392430
5057780
4436579
6251737
5498553
5392404
5057701
4432069
6251725
5496747
5392401
5056992
4382288
6251711
5495441
5392400
5056059
4376300
6249022
5492848
5391947
5056033
4372808
6248662
5491099
5391911
5055779
6248622
5489543
5390359
5052802
6246119
5489541
5390289
5051888
6246116
5488004
5390234
5051689
6245635
5486714
5390082
5045782
6245627
5486482
5389814
5045498
6245626
5484747
5389803
5044796
6245625
5482885
5389562
5036340
6245617
5482882
5388254
5025403
6245610
5482876
5388223
5020537
6245592
5482873
5388205
5012247
6242346
5481133
5387777
5009778
6242309
5481128
5384567
5008610
6239043
5480823
5384474
5008210
6239040
5479041
5384281
5007844
6239024
5479036
5384152
5007065
6239000
5478760
5383191
5007008
6238997
5473179
5383088
5005576
6238988
5482903
5382815
5005070
6238984
5472902
5382637
4999573
6238974
5472898
5382565
4996474
6238958
5472897
5382447
4994402
6235595
5472894
5381541
4992840
6235576
5468980
5381538
4992692
5235566
5466630
5381421
4989134
6235354
5466627
5381060
4984577
6232215
5466616
5381046
4984576
6232177
5465003
5379448
4980637
6229611
5464785
5379407
4978420
6228763
5460999
4970623
6228742
5460991
4967412
6228722
5460988
4963189
6228711
5460987
4961153
6228709
5459095
4959541
6228700
5457065
4949259
6228674
5457061
4939826
6225222
5455435
4939673
6225204
5455190
4937767
6225155
5455188
4935695
6222247
5453635
4931811
6221754
5453395
4931328
6221744
5451804
4926008
6221731
5449638
4925524
6221725
5449630
4925302
6221712
5448094
4925273
6221703
5445989
4918385
6218271
5445984
4911003
6218261
5442214
4906875
6218241
5436190
4902886
6218239
5436186
4893066
6217640
5436185
4891607
6214747
5432106
4891508
6214745
5429988
4887260
6214705
5429980
4885932
6214691
5429976
4884887
6214677
5429970
4881045
6214659
5428240
4878293
6211097
5427974
4873703
6211048
5427970
4873204
6211030
5424233
4870385
6211021
5424231
4870353
6211014
5422286
3864371
6207581
5416036
4863695
6207579
5414287
4862490
6207535
5413949
4860332
6207516
5413946
4859933
6207497
5413944
4858159
6207328
5395790
4857476
6204528
5395779
4855909
6204185
5393702
4855696
6204117
5393693
4853928
6204113
5383149
4853080
6204109
5380681
4845615
6200890
5380675
4844645
6200854
5380673
4843590
6200850
5380671
4843923
6197700
5378647
4837434
6197684
5378646
4834855
6197672
5376572
4828509
6197642
5374586
4821838
6197637
5374583
4816740
6197630
5372968
4815047
6194297
5371036
4813005
6191041
5366925
4808820
6190995
5360750
4804839
6190983
5358887
4803435
6190956
5352619
4801894
6188116
5326722
4801878
6187626
5292680
4794532
6184126
5264386
4790921
6184090
5254495
4790323
6184082
4787656
6180539
4783696
6180516
4782481
6177342
4782312
6177336
4776080
6177332
4775903
6177326
4763649
6177310
4761549
6174804
4761544
6174791
4760752
6171968
4759649
6171960
4759603
6171954
4758863
6171951
4755485
6171924
4750145
6171903
4747111
6171732
4746630
6169035
4745373
6165913
4738422
6165901
4737334
6166879
4735259
6165865
4735082
6165831
4733173
6162678
4728776
6162670
4722346
6159864
4718634
6159797
4716420
6156655
4715115
6156634
4714909
6156603
4703759
6156460
4700573
6153483
4694477
6153464
4684510
6153461
4684273
6153459
4682015
6153457
4679039
6153446
4675083
6150278
4664746
6150273
4662914
6150267
4654610
6150263
4650964
6150219
4648060
6150217
4647140
6146981
4633308
6146980
4627268
6146940
4621273
6146937
4608326
6140202
4596940
6140198
4595888
6140168
4587477
6140156
4579123
6139680
4574813
6136671
4573129
6136642
4573026
6136164
4572592
6133131
4567565
6133110
4566949
6133105
4563894
6130131
4559031
6127276
4550623
6127219
4548134
6125644
4545852
6124638
4535528
6124615
4529930
6124166
4508965
6124162
4507158
6124161
4490731
6121667
4481464
6121145
4480913
6121108
4477803
6119717
4477134
6118142
4468723
6117789
4466038
6117757
4458282
6117743
4456950
6117599
4455655
6114231
4455561
6114220
4450387
6112013
4448192
6107154
4446440
6107132
4437489
6103619
4431928
6100141
4419648
6100014
4410238
6096642
4405993
6096633
4403184
6096620
4403147
6096594
4398992
6096162
4396997
6094142
4396912
6090698
4387720
6087251
4381470
6087216
4372324
6083827
4370405
6081318
4362809
6080663
4353952
6080658
4331943
6080646
6080632
6080621
6077789
6077770
6076569
6074955
6074923
6071772
6071769
6071763
6071653
6066532
6064107
6062442
6060401
6060349
6054394
6052311
6051507
6048797
6048650
6046079
6043127
6043116
6042996
6040241
6040231
6040222
6037228
6037227
6037214
6037212
6037206
6036356
6033959
6033958
6033951
6030878
6028342
6025277
6025234
6022794
6022785
6022645
6021669
6018754
6018186
6017790
6015995
6015753
6015746
6015642
6015096
6013545
6012607
6010928
6008100
6007950
6004852
6004846
6004845
6004836
6001743
6001738
6001735
6001732
6001514
5998287
5998260
5994745
5994736
5994201
5993291
5990714
5990527
5989955
5989953
5985725
5985717
5981383
5981379
5976977
5975308
5972770
5972763
5972755
5970359
5969384
5966767
5965464
5962342
5960299
5960290
5960280
5959331
5956590
5955769
5952689
5952039
5950090
5950089
5950084
5949116
5946598
5946576
5946573
5946571
5946558
5944848
5943573
5942782
5940714
5940703
5937291
5937280
5936273
5933748
5933735
5933722
5932489
5930623
5930584
5926729
5926417
5924010
5924007
5924004
5920499
5920100
5913132
5913129
5912485
5910667
6910666
5909045
5904540
5904522
5903024
5902124
5902123
5933748
6569357
5747347
5466987
5933735
6562260
5694002
5374802
5933722
6560857
5667761
5932489
6386398
5666031
5930623
6356009
5659221
5930584
6250963
5610472
5926729
6250943
5607320
5926417
6236155
5601262
5924010
6193391
5594213
5924007
6147444
5551897
5924004
6147440
5523655
5920499
6034471
5503769
5920100
5923121
5451837
5913132
5908237
5380463
5913129
5905329
5342503
5912485
5856726
5340230
5910667
5788520
5336437
6910666
5776368
5328381
5909045
5722849
5296670
5904540
5676917
5904522
5627116
5903024
5624602
5902124
5620349
5902123
5606218
5604321
5601446
5599199
5592048
5587346
5576592
5558113
5550431
5550421
5370550
5334906
5313135
5047908
6350643
5793075
6346836
5832445
6650883
5831881
6646579
5774541
6643559
6643301
6635545
6621431
6614963
6614605
6606445
6604862
6602729
6602123
6570434
6565263
6544838
6538229
6486015
6434297
6432760
6414441
6362667
6340616
6323531
6320622
6313524
6313514
6294817
6284620
6281557
6268659
6262457
6218906
6156621
6156586
6146698
6143660
6628551
6307781
6628860
6580865
6373045
6282116
6282001
6188598
6307768
6552378
6611570
6983174
5903016
6174787
6563476
5952609
6551509
5896016
6493691
6449217
6437237
6434436
6424512
6377035
6362750
6397811
6246919
6225585
6208129
6146980
6146940
6146937
6140202
6140198
6140168
6140156
6139680
6136671
6136642
6136164
6133131
6133110
6133105
6130131
6127276
6127219
6125644
6124638
6124615
6124166
6124162
6124161
6121667
6121145
6121108
6119717
6118142
6117789
6117757
6117743
6117599
6114231
6114220
6112013
6107154
6107132
6103619
6100141
6100014
6096642
6096633
6096620
6096594
6096162
6094142
6090698
6087251
6087216
6083827
6081318
6080663
6080658
6080646
6080632
6080621
6077789
6077770
6076569
6074955
6074923
6071772
6071769
6071763
6071653
6066532
6064107
6062442
6060401
6060349
6054394
6052311
6051507
6048797
6048650
6046079
6043127
6043116
6042996
6040241
6040231
6040222
6037228
6037227
6037214
6037212
6037206
6036356
6033959
6033958
6033951
6030878
6028342
6025277
6025234
6022794
6022785
6022645
6021669
6018754
6018186
6017790
6015995
6015753
6015746
6015642
6015096
6013545
6012607
6010928
6008100
6007950
6004852
6004846
6004845
6004836
6001743
6001738
6001735
6001732
6001514
5998287
5998260
5994745
5994736
5994201
5993291
5990714
5990527
5989955
5989953
5985725
5985717
5981383
5981379
5976977
5975308
5972770
5972763
5972755
5970359
5969384
5966767
5965464
5962342
5960299
5960290
5960280
5959331
5956590
5955769
5952689
5952039
5950090
5950089
5950084
5949116
5946598
5946576
5946573
5946571
5946558
5944848
5943573
5942782
5940714
5940703
5937291
5937280
5936273
5933748
5933735
5933722
5932489
5930623
5930584
5926729
5926417
5924010
5924007
5924004
5920499
5920100
5913132
5913129
5912485
5910667
6910666
5909045
5904540
5904522
5903024
5902124
5902123
