4445966
4558237
4498954
4515668
4451903
4490900
4558344
4419747
4511811
4538245
4489401
4535259
4546454
3860836
D403674
D403673
4468501
2347869
2347896
2189782
3705310
3774195
3895866
4258364
4225241
4222635
4202608
4203104
4252415
4281902
4217160
4252442
4241344
4271391
4355868
4348255
4415236
4420224
5856773
5856634
5857865
3383487
3705276
3721778
3773998
3780237
3806685
3789167
3862381
3862382
3860771
4264477
4251734
4420877
4283100
4398779
4265508
4203462
4192980
4248270
4334164
4297552
4366352
4415784
4467664
4383234
4456801
4412110
4413164
4466040
4408178
4463225
4471182
4424505
4468600
4526041
4521722
4536627
4536626
4500212
4546340
4560846
4256284
4299252
4290580
4301993
4330725
4360752
4303871
4309022
4436278
4457328
4482346
4486190
4541609
4557726
3764172
3860277
3704853
3341825
3341815
3297995
3355705
3311279
3364471
3298013
3311881
3300766
3364479
3333147
3316420
3304415
3403377
3324288
3364362
3355714
3377581
3319169
3500350
3355726
3299409
3309677
3438009
3346853
3436813
3333240
3353082
3319228
3303843
3488638
3355707
3324458
3341817
3300767
4245297
3343136
3356849
3402398
3402394
3333113
3394292
3324307
3384712
3364473
3358743
3355590
3346852
3411007
3341715
3423205
3410952
3457636
3355078
3477119
3354543
3346845
3311918
3458725
3351816
3402395
3465223
3304434
3389377
3462697
3500352
3452336
3438015
3483547
3495225
3457424
3462699
3353070
3420992
3554645
3319161
3351702
3391464
3393437
3351953
3411067
3423260
3445928
3375481
3334336
3555285
3458802
3402448
3364402
3438003
3465303
3465304
3483528
3500340
3518660
3447037
3451001
3522445
3316540
3390384
3540988
3401891
3530314
3465158
3465169
3458807
3437883
3352992
3678190
3506853
3516173
3437873
3487164
3440480
3411030
3465200
3437872
3516155
3555538
3458687
3464283
3577139
3572896
3473875
3555546
3410624
3517301
3478808
3499219
3541521
3470522
3477137
4347512
3512158
3540121
3711687
3711688
3603816
3582683
3576984
3634205
3644671
3541432
3660608
3501669
3625763
3541222
3631455
3603966
3579196
3530411
3579019
3508808
3578124
3613230
3614777
3600598
3603768
3649274
3600799
3623037
3685145
3631298
RE27089
3614411
3644924
3694668
3623080
3623081
3644923
3643278
3705332
3837074
3686594
3704058
3704059
3704455
3750147
3656115
RE30744
3792927
3708874
3760389
3761831
3775844
3769702
3813773
RE28238
3917983
3922479
4184729
4208626
4399503
4268956
4283754
4314356
4301537
4301454
4298951
4335384
4355384
4368517
4315175
4418382
4422171
4420839
4503499
4556982
4499472
3582949
3603741
3587184
3587186
3671955
3660713
3719937
3666901
3789144
4254315
4332990
4359618
4234797
4228358
4229655
4395710
3884417
4277025
4307838
4251031
3613649
3677236
3746257
3796203
3765606
3784105
3819116
4276857
4345717
4428531
4440344
3636967
3305039
4291734
4280539
4289177
4330752
4350428
4355272
4336917
4328941
4345836
4393727
4383757
4311390
4425537
4389701
4443096
4414749
4442388
4413864
4452526
4422755
4473293
4496194
4540278
3650182
3621875
3628557
3807283
3611879
3659325
3621761
3698287
3748063
3698189
3790129
3789739
3807285
3832852
3864063
3905279
4201116
4240334
4192225
4463563
4192337
4480555
4220178
4253331
4344285
4286770
4373869
4408518
4539862
4432389
4510751
4422470
4545287
4488476
4524947
4561342
3613503
3905194
3613508
4291794
4557092
D278714
D278821
D279580
D279728
4487818
4537674
4430391
4545883
4544461
4482485
H000436
4345449
4397168
D266645
D259915
D273204
3538603
3538473
3579165
3740684
3789774
3883680
3895335
4217119
4231074
4237415
4298853
4304051
4318066
4300112
4403205
3626079
4440996
4486633
4510359
4433427
4459990
4555728
4401416
4540354
3926470
4227241
3690431
3728074
3291947
4555728
4396696
4315108
4446436
4511811
4451903
4278972
4436584
4459990
4512240