4868882
5928807
5527363
5547776
5521018
5798186
5823252
4985622
5975461
5785144
5580534
6214475
5951798
5133499
4851253
4810538
5152841
4838487
4852810
5184051
4977911
4955960
4957782
5092307
5096120
6335115
5419412
5603670
5643131
5688204
5672132
5795261
5961408
5947862
6173227
5967918
6135916
6408239
6066069
6216075
6050917
5852931
5839562
5199538
6424901
6418366
6839040
7013114
7197316
6888514
7065331
6853352
6980157
7339573
7050772
6563476
6105048
6400559
7117166
6343983
6728100
6501651
6445575
6741300
6798651
6711007
6711015
4943693
4952752
5029168
5047926
4894718
5235698
5067681
5036186
5136594
5276840
D344719
5319759
5337322
5377325
5390301
5455927
5319772
5546334
5493655
5511184
5546563
5551012
5835957
5625305
5598110
5498976
5584706
5587878
5673173
5632026
5761479
5721952
5617546
5864294
5923866
6366653
6288896
6246588
6304435
6496361
6106564
5185853
5224024
7254144
6798842
6987981
6925298
6904016
7116667
6996063
6888816
6922393
6725040
6798764
6829358
7054306
6968200
6961570
6925183
7209747
7227857
7269760
7155261
7266105
7233671
5903388
6034818
6243198
6697197
5256085
5230143
4832617
5167516
5100338
5085589
5147224
5145412
5112242
5237293
5326276
5226824
5288248
5265181
5236367
5057041
5232379
5249988
5249971
5256088
5259771
5287425
5267872
5256074
5281166
5286207
5326288
5232382
5158482
5221215
5222169
5214731
5190480
5174789
5183421
5171165
5372518
5286217
5451158
5978937
7072980
6965937
4904619
5838839
6858896
6787374
6801382
7310717
6842076
7322531
7164865
6647127
6812742
6781733
6633351
6661552
6639705
5115179
4954762
6389584
6845908
7162616
7096534
7100244
7150072
7068495
6929878
D498222
7181255
7088584
7088587
7088580
7120032
7113961
7114256
7134178
7142422
7126824
7139780
7136279
7135878
7149081
7155831
7164080
7161798
7152666
7156160
7149559
7333607
7155780
7164583
7167370
7165291
7166799
7162624
7191099
7181310
7170760
7170301
D508034
7180754
7193849
7191456
7192291
7209356
7203066
7207722
7203792
7198503
5199556
5310973
5276556
5528410
5582470
5579128
5677799
5763900
5864529
6108108
6334372
6402034
6102501
6529294
6829065
6545266
6561349
6543866
6971064
6876313
6840791
6729616
7058396
6836403
7010268
7071921
6725516
6786319
6827447
6913258
6840511
6846185
7333091
7173818
D450055
6057563
6535379
7120655
7336780
7327367
6741488
6741520
6728931
6903592
6788589
6768367
7039822
7092836
6466222
6778175
6687399
6573902
6738945
6407595
6304482
6448966
6670692
6409129
6486059
6516814
6537622
6391713
6521138
6338999
6492226
6358792
6410386
6521523
6696222
6503835
6561204
6651284
6596088
6495877
6504205
6489193
6548409
6593225
6603167
6514815
6509238
6512260
6483142
6696354
6649512
6495448
6743690
6784075
6720235
6727160
7076707
6979367
5669774
5816482
6586875
6570191
6455343
7037741
6399408
6462358
6583448
5565694
5661742
6869820
6661032
6861677
6583443
6599768
6797987
6853011
6838704
6958496
6998642
6900068
6649437
6894323
6921924
6066862
6489250
6762069
7154149
6693306
6781160
6995403
7018859
6380564
7109525
7129527
6552369
6682950
6661028
6410348
6462357
6319778
6458612
6709883
6786390
7030423
6429102
6441403
6774410
6720571
6504183
6003151
5703408
5834365
6291285
6754669
6499082
6581083
6457035
6346896
6694473
6326816
6618333
6515466
7020061
6697830
6459665
6469962
6728184
6757226
6442113
6452883
6621773
6917577
6909679
6914861
6772282
6788632
6952383
6717892
6859422
6882602
6680881
6606283
7162143
7016284
6967915
6898162
7069348
6661757
6937548
7007225
6934234
7224658
6738329
7079464
6747923
6754790
6879550
7106670
6992954
6664904
7046602
6690219
7092323
7016277
7095689
6961293
6954408
7035176
6947365
7035187
7023784
6985413
7167421
7065027
7245687
6737998
7263048
7085949
7177238
6917171
7200092
6859086
6943607
7161877
6940804
7233609
7002880
6809663
7061203
7026852
7200093
7196998
7200078
7145853
7133338
7257055
7084685
7319647
7292513
7266069
7225385
7187638
7301871
7327647
7313057
7352666
7015836
7334180
7293220
7263054
7356753
7298674
7349310
7286462
7109899
7136323
7215160
5978274
6189021
7200164
7113553
6919759
7321266
7173401
5574475
5703617
5719591
5726676
6344814
6795052
6731258
6392974
6192014
6122219
6646481
D305649
D305650
5975802
6361251
6588981
6551027
6715436
7325628
7104330
7100694
7088640
6851895
5701614
6538706
4914570
4704697
5318449
5888579
5930622
5866455
5834353
5807777
6060394
5966612
6146949
6096613
6137132
6091119
6255682
6136697
6355540
6063683
5880508
5907782
6133118
6295637
6084261
6207999
6090653
6117712
6281542
6008090
6259130
6100135
5998264
6117731
6153467
6555438
6348390
6432785
6184087
6211016
6187619
6046090
6136636
6069044
6284612
6211002
6265263
6268245
6090663
6008514
6177323
6294416
6156613
6274428
6329264
6114214
6091098
6204124
6303417
6133104
6211556
6255167
6548362
6207505
6117756
6316316
6323094
6127712
6162681
6251731
6265259
6207526
6232648
6358818
6171893
6214696
6190977
6294797
6342422
5089973
4918440
4700187
3970866
4051464
4089103
4165470
4135103
4445966
4584079
4558237
4498954
4515668
4649339
4566026
4582975
4679308
4661927
4672437
4713682
4642162
4737469
4717449
4754430
4982267
4835455
4948032
4922411
4951255
4845633
5019736
5144166
5155389
5245227
5430886
5218240
4451903
4490900
4558344
4419747
4511811
4538245
4489401
4535259
4546454
4768169
4725984
4612640
4617651
4673829
4785424
4783766
4701776
4822750
4855955
4888738
5029131
5101379
5818742
5258995
5267244
5259003
5212808
5247702
5278992
5341322
5359694
5255290
5270962
5452466
5400368
5491726
5438595
5436942
5398258
5479453
5553076
5442580
5461646
5602767
5581579
5732360
5689816
5633897
5978822
5710913
5710914
5832257
5787025
5732255
3860836
5095509
5819058
7269785
6697884
6871008
6847365
6732210
6701065
6804449
7206344
6742083
6920543
6728853
6801710
7356250
6775757
6738884
6002446
5739867
6307498
5796392
5987624
5847701
6011538
6046738
6005544
6028571
6320574
6147668
6232952
6157376
6268848
6054980
7034815
6922188
7009628
7091996
7019764
4652809
5387927
5768279
5453786
7233959
5015800
5197130
5208914
5041903
5253359
5168547
5239629
5175862
5165038
5293626
5251097
5430884
5168570
5179702
5055707
5107418
5175856
5159678
5142100
5276955
4786829
5040138
5046038
5144576
5060182
5020013
5042001
5420989
5144570
5268858
5159210
5307303
5184318
5159566
5632037
5375209
5878269
5572682
5336939
5233314
5359232
5318451
5428622
5784713
5379240
5337269
5440803
5410671
RE39385
5724549
5402458
5740398
5584009
5794026
6219773
5644741
5471598
5664149
5475630
5659495
5630143
5434545
5477193
5644788
5523961
5574672
5752274
6097504
5617628
5524234
5486779
5596740
5771365
5550499
5638016
5611071
5596731
5687202
5587666
5062057
5247612
5061904
5170154
5070532
5361387
5228126
5247589
5293482
5287420
5404316
5434964
5341442
5375203
5450130
5486844
5499040
5734523
6067220
6391502
6443734
6687097
6390061
6534974
6735406
D464959
D444465
D443613
D454557
D443614
D444788
D448359
D441733
D454130
6200709
6765950
6552555
7042952
6696910
6838750
D397687
D399501
D395427
D395428
D403674
D403673
4468501
4764382
4792450
5028431
RE34089
5322695
5310559
7274864
6686581
6648486
6536914
6566689
6914265
6890777
6803719
7264527
5838539
6256691
5941965
6044215
5941963
6526515
5347211
6273740
6579114
6331850
6563434
6174097
6734809
6575647
6781077
6600121
6839002
6894626
6798649
7084787
6972699
D457525
D486488
5781747
6088752
6070214
6594719
6264491
6578101
6963947
6527241
6643158
D454132
D454131
D456781
D475057
2347869
2347896
2189782
5412620
5809060
6075812
6067313
6473449
6956815
6950483
6178479
6311280
6882691
7039140
6178311
6486828
6861900
5077753
5231634
6006090
5412687
6466608
5913174
5844900
6292508
5875179
6169761
7085284
7035283
6751250
6667883
5038245
5089810
5062001
5225875
5276436
4823019
5429582
5611767
6022308
5931774
5461627
5440560
5388126
5907544
5892796
6370398
6246381
7013121
6360434
6591086
6823178
6763221
6496079
6741139
6965784
6700549
7103279
D455735
4939451
4939726
5115433
5079768
5223790
5130987
5243536
5338332
5406249
5485393
5465398
5471469
5453977
5636216
5488608
5479400
5515369
5903566
5570084
5479176
5664194
5774344
5706221
5703602
5818828
6298053
6735178
6407705
6647053
6445688
6999441
7003313
7068630
7050806
D375297
5053982
5247469
4742458
6185119
6184726
6370075
5148266
5148265
5347159
5367764
5282312
5346861
4653116
3705310
3774195
3895866
4025161
4106859
4043638
4137193
4258364
4225241
4222635
4202608
4203104
4252415
4281902
4217160
4252442
4241344
4271391
4355868
4348255
4415236
4420224
5574661
5646693
7129978
7157682
6625558
6465862
6130423
7092031
7176446
7133074
D246366
4114977
4600264
4968265
5087804
5098319
4987291
5015958
5235286
5382909
5852397
6313729
5459729
5689648
5592475
5729824
5459730
5473613
5917814
5668814
5610922
5691718
5627833
5692043
5978390
6240179
6282204
6272219
6301227
6151364
6052412
6236664
5127853
5207602
5609501
6163313
4585607
4935156
4600261
4634207
4664309
4655076
4593181
4693940
4667869
4669828
4705205
4789858
4616064
4647713
4647716
4615578
4563224
4688713
4610738
4624519
4600804
4589939
4667186
4685025
4774024
4724417
4624990
4634615
4662692
4680233
4595635
4701574
4643924
4775778
4678709
4696841
4639818
4623156
4726662
4689475
4655382
4790622
4741709
4801785
4712721
4721832
4690831
4737600
4738883
4859836
4876116
4883431
4832248
4777214
4750962
4860851
4835197
4888098
4868967
4804338
4852646
4806402
4800253
4809901
4907340
4888070
4845838
4951384
4951382
4955267
4991940
4780598
4857880
4992201
5066104
4814508
4880676
4884163
4864725
4859809
5039452
4990298
4942270
4900877
4967176
4865895
4865086
4885457
4982054
4998894
4983008
4865905
5008340
4924074
4935068
4969402
5047487
5059483
5070597
5140746
4978193
4963698
5007989
5049247
5216530
5095187
4961620
5148005
5064997
5089688
5025131
5019235
5122775
5070050
5177143
4952174
5166658
5079300
5110638
5149736
5074988
5140297
D340170
D350053
5045163
D327872
5068447
5076668
5052610
5098752
RE34005
5051600
5011432
5111497
5129608
5059480
5089801
5049850
5147984
5138472
5136403
5093898
5229058
D339794
D335866
D335650
D340694
5286516
5136682
5143761
5221815
5182663
5178797
5588856
5109071
5130280
5188886
5195125
5246383
5233445
5214000
5276759
5303115
5275887
5263111
5268531
5343541
5227946
5195013
5359654
5247277
5327513
5378407
5324372
5363266
5278933
5357057
5226837
5331113
5323480
5324564
5376019
5404401
5430815
5427713
5502287
5423694
5440665
5479553
5378879
5997967
5401177
5451919
5436609
5426715
5406702
5328580
5451921
5463482
5360584
5480310
5416269
5441560
5797759
5418001
5585947
5405551
5529508
5582770
5515472
5908887
5427547
5782337
5461015
5470622
5606149
5639992
5543944
5449299
5598455
5475779
5630958
5528718
5739463
5672290
5520974
5601460
5484552
5571448
5562491
5835004
5588869
5525756
5569495
5601668
5692299
5565392
5672846
5577909
5580493
5521388
5691790
5766705
5763835
5755465
5745322
5666254
5864458
5737160
5689395
5645746
5742223
5738804
5641827
5830405
5849824
5806176
5909168
5863215
5657413
5733487
5945634
6054028
5741855
5745198
5680289
6087591
5759061
5962553
5831510
5738934
5828005
5856773
5695841
5929138
5665809
5874885
5958529
5737161
5795652
5721664
5830385
5865654
5747147
5934922
6130597
5817983
5864281
5886111
6570483
5856634
5857865
5883457
5720859
6123336
5924898
5831803
5952396
5824954
5874713
6225610
6030681
6306323
6104587
5801612
5805393
5979902
6028928
5863468
6009224
5985976
6020560
6114004
5931474
6107574
6093050
6606023
6359226
5997186
6009225
6067143
6246459
6297789
5951912
6072681
6153948
6038119
6188556
6181541
6139306
6137669
6249632
6249633
6078160
6094792
6211771
6392528
6239357
6031025
6072679
6507691
6104583
6222716
6235801
6347799
6162663
6275640
6226435
6224419
6266223
6292088
6358438
6373347
6362721
6475329
6560334
6331763
6478631
6379055
6195861
6430020
6437955
6421216
6349022
6456476
6302723
D353380
D372462
D372897
D432742
D435055
3383487
3705276
3721778
3773998
3780237
3806685
3789167
3862381
3862382
3860771
D243751
3978297
4046975
4066851
4096364
4128744
4264477
4251734
5120256
5310357
5299089
4420877
4977668
5147209
5399104
4824383
5057028
5169324
5169343
4791391
4728164
4715824
4701002
4721348
4749368
4843190
4775329
4749361
4881902
4838809
4845596
4871320
4872848
4992052
4959626
4908336
4983935
4979903
5086284
4954104
5044994
5041006
5011425
5069638
5080603
5104339
5080605
5037327
5158479
5104338
5118311
5078620
5114363
5104243
5127153
5228864
5232400
5261829
5259722
5269700
5277595
D346788
5282751
5244413
5282752
5226833
5277618
5256078
5295854
5282258
5281157
5310354
5318464
5316487
5259772
4179173
4283100
4398779
4571014
4632476
4806107
4265508
5112238
5522731
5947802
6062961
4888734
4868617
4888735
5287195
5500928
5555350
5555358
5867632
5894586
5701263
5835160
5122883
5109283
5946017
5793709
6038348
5903522
6266154
4166996
4179945
4203462
4192980
4248270
4334164
4297552
4366352
4415784
4467664
4383234
4456801
4412110
4413164
4466040
4408178
4463225
4471182
4424505
4468600
4526041
4521722
4536627
4536626
4500212
4546340
4560846
4587389
4617432
4599499
4621788
4256284
4299252
4290580
4301993
4330725
4360752
4303871
4309022
4436278
4457328
4482346
4486190
4604090
4541609
4557726
4626244
4596321
4596270
4684365
4715852
4698998
4802621
4775117
4798951
4010775
4017819
3764172
3860277
3704853
4044991
4044992
4079747
3341825
3341815
3297995
3355705
3311279
3364471
3298013
3311881
3300766
3364479
3333147
3316420
3304415
3403377
3324288
3364362
3355714
3377581
3319169
3500350
3355726
3299409
3309677
3438009
3346853
3436813
3333240
3353082
3319228
3303843
3488638
3355707
3324458
3341817
3300767
4245297
3343136
3356849
3402398
3402394
3333113
3394292
3324307
3384712
3364473
3358743
3355590
3346852
3411007
3341715
3423205
3410952
3457636
3355078
3477119
3354543
3346845
3311918
3458725
3351816
3402395
3465223
3304434
3389377
3462697
3500352
3452336
3438015
3483547
3495225
3457424
3462699
3353070
3420992
3554645
3319161
3351702
3391464
3393437
3351953
3411067
3423260
3445928
3375481
3334336
3555285
3458802
3402448
3364402
3438003
3465303
3465304
3483528
3500340
3518660
3447037
3451001
3522445
3316540
3390384
3540988
3401891
3530314
3465158
3465169
3458807
3437883
3352992
3678190
3506853
3516173
3437873
3487164
3440480
3411030
3465200
3437872
3516155
3555538
3458687
3464283
3577139
3572896
3473875
3555546
3410624
3517301
3478808
3499219
3541521
3470522
3477137
4347512
3512158
3540121
3711687
3711688
3603816
3582683
3576984
3634205
3644671
3541432
3660608
3501669
3625763
3541222
3631455
3603966
3579196
3530411
3579019
3508808
3578124
3613230
3614777
3600598
3603768
3649274
3600799
3623037
3685145
3631298
RE27089
3614411
3644924
3694668
3623080
3623081
3644923
3643278
3705332
3837074
3686594
3704058
3704059
3704455
3750147
3656115
RE30744
3792927
3708874
3760389
3761831
3775844
3769702
3813773
RE28238
3917983
3922479
4095867
3997374
4032832
4007331
4075691
4079452
4160154
4125812
4153849
4165660
4184729
4208626
4175250
4399503
4268956
4283754
4314356
4301537
4301454
4298951
4335384
4355384
4368517
4315175
4418382
4422171
4420839
4503499
4584711
4563638
4556982
4499472
3582949
3603741
3587184
3587186
3671955
3660713
3719937
3666901
3789144
4106231
4254315
4332990
4359618
5202678
5202644
5345086
4920859
4778952
4234797
4228358
4229655
4395710
4623961
4713756
5444309
3884417
4167158
4166605
4176634
4277025
4307838
4251031
3613649
3677236
3746257
3796203
3765606
3784105
3819116
3949938
4013223
3998094
4052004
4000852
4067496
4127087
4121549
4276857
4345717
4428531
4440344
4000582
3636967
3305039
4152951
4291734
4280539
4289177
4330752
4350428
4355272
4336917
4328941
4345836
4393727
4383757
4311390
4425537
4389701
4443096
4414749
4442388
4413864
4452526
4422755
4473293
4496194
4597664
4540278
4573791
4796860
3650182
3621875
3628557
3807283
3611879
3659325
3621761
3698287
3748063
3698189
3790129
3789739
3807285
3832852
3864063
3905279
3984978
3996806
3996744
3979908
4037410
4175914
4201116
4240334
4192225
4463563
4192337
4480555
4220178
4253331
4344285
4286770
4373869
4408518
4539862
4432389
4723476
4510751
4422470
4545287
4488476
4524947
4723478
4561342
4624445
4709618
4655250
4666125
4736672
3613503
3905194
3613508
4291794
4557092
4804317
D278714
D278821
D279580
D279728
6858025
5135589
5330861
5327784
5536591
5506069
4487818
4537674
4430391
4545883
4544461
4728586
4822377
4820481
4893756
4915898
4948423
5002730
6086843
6270719
5096667
4623597
4828910
5068001
4482485
5700320
5477805
5524574
4565675
4771929
5577658
5226962
4679720
4995411
6427903
5815912
6374729
6260741
5924431
5044900
6082289
5795390
5819983
5837892
6258165
5985029
5903125
5918648
6093251
5957343
5886494
6007631
5971227
6017392
6112588
6085943
6119895
6025689
4924304
5060063
RE34615
5794329
5669970
5925187
6067709
5918544
5943089
6276589
5873939
5807606
5882720
6066206
5868305
5947022
6207220
6412328
H000436
4345449
4397168
4564229
4593542
4656849
D266645
D259915
D273204
4602490
4912953
4104238
3960006
3538603
3538473
3579165
3740684
3789774
3883680
3895335
4020438
4017815
4153891
4174509
4169965
4217119
4231074
4237415
4298853
4304051
4318066
4300112
4403205
3626079
4440996
4486633
4510359
4433427
4459990
4555728
4644398
4563701
4590518
4628357
4694339
4595949
4685146
4641352
4691366
4638355
4777620
4692864
4809350
4907288
6322849
7352711
5216275
6635906
4984548
6302144
4846506
4869534
4925217
5002244
4927185
4986312
5000614
5107890
5054743
5044671
5100182
5027861
5135268
5096231
5056756
5139228
5161833
5350203
5257833
5161832
5228728
5275448
5303963
5273254
5324082
5319837
5310029
5261709
5423577
5368275
5324080
5417461
5370425
5338002
5538297
5441313
5425347
5429395
5452924
5518276
5499848
5486025
5586792
5700040
5622394
5628531
5593188
5934336
5785358
6179341
5931201
5725258
5972450
6009908
6086118
6315333
6092556
6253839
6155304
6589617
6497433
6367850
6343814
6131615
6145545
6173994
6349977
6370775
5485982
4819908
5703330
4401416
4540354
4596519
4715777
4697995
4860714
4728264
4747388
4831990
4878518
4878816
4951636
4961693
5002467
4893647
4928657
4926829
4964787
4964391
4934417
5033517
5044344
5038741
5039284
5122039
5035588
5013221
5120201
5149252
5170764
5148792
5181839
5195494
5219277
5220941
5197435
5237977
5263459
5257916
5275145
5265997
5265644
5374169
5542395
5411376
5415146
5406922
5421306
5404756
5427074
5452701
5398655
5413457
5413468
5516266
5511957
5613844
5623910
5525048
5579739
5509390
5586858
5590631
6012904
5660206
5727529
5623907
5672051
5697769
5592963
5579802
5702237
5577478
5605133
5560342
5793140
5647328
5647329
5722367
5680700
5979485
5619972
5655892
5702229
5734212
5740783
5873349
5997262
5809975
5866819
5947153
5980221
5960817
5881698
6145532
5960775
6000426
6019570
6068456
5975061
5842455
6106256
5925962
6039548
6068672
6102684
6109893
6113363
5962946
6155238
6213100
6176699
6155793
6162012
6447270
6213726
6314947
6343589
6231318
6227819
6533288
6308732
6425733
6428739
6279541
6311675
6547515
6555754
6702974
6541883
6634341
6799941
7037066
6932562
6993967
5720745
5536591
5060063
3926470
4227241
6066861
6245259
6277301
6376902
6469321
6573580
6576930
6592780
6613247
6716673
3690431
4899279
5335566
5272939
5624350
6149545
6066071
6935902
6477913
3728074
3291947
5615957
5622439
5158377
5221148
5156472
5488401
6502917
6550902
6955422
7008053
7011397
4680246
4935184
6061239
5324204
5401176
4884982
6108229
6274514
5923088
6268274
6174797
6107206
5581715
5481581
5245583
4555728
6121091
6251795
6235653
5581715
5231253
5559352
6117345
5452261
5412257
5917214
6426893
6763424
5719808
6947332
7137011
6765788
6115074
5329369
4807209
4962493
4972401
5023856
4999825
5418764
6466736
6584527
6546440
4680246
4396696
5077753
5809060
6075812
5383792
4821121
5535327
5581715
4315108 
4061886
4446436
4511811
4673829
4794565
4451903
5333276 
5740385
5581782
5548733
5003579
6462688
6775529
5008829
5249741
5371852
5008718 
5376580
5502316
4136359
4278972
5679977
6133627
6663106
6458681
6078361 
5953074
6177922
5739867
6765788
6417801
6606346
6651000
6704651
6937187 
7158080
4836651
5041888
5153754
5389893
5452195
5970031
6229773
6170043
6691236
6029119
5353415
6894706
4436584
4992137
5486129
5514245
5739867
5347211
6064177
6650560
6700808
5214761
5581122
5270821
6683842
4693864
4459990
4685146
4644398
4595949
4590518
4777620
5216275
4860714
6307361
4638555
6228524
6335115
5419412
5603670
4512240